0.43712512183674246 0.46366495686522935
0.39008611702691515 0.5423099428536401
0.4382069592385765 0.5314021107999284
0.2593098773237465 0.46379212748064985
0.24043362083868375 0.4596876863887855
0.20065044199811324 0.46996212865746667
0.17850843532758187 0.4551274442283693
0.2327845823237948 0.43846938944256925
0.4092112462879682 0.44104780802867516
0.35635665304576897 0.4255190295875618
0.3877754217519873 0.41339168336280757
0.37845452329914514 0.45336726908755315
0.449664596153844 0.5099308186086973
0.3770995343225035 0.47687776876393706
0.40247245057036446 0.4813528608495234
0.33909745518011086 0.5654417282386491
0.26702523067700984 0.5028254098211523
0.2573063222958151 0.47090132458802125
0.24616179408420913 0.5051766947338384
0.2636178289438671 0.48211279260580003
0.4517477915626657 0.48248562549468005
0.41271730036124266 0.4355180699508016
0.45635456310306816 0.5018580917481911
0.5162149048675236 0.4798337389109397
0.5196290646325883 0.5045019516545111
0.3805575880512566 0.48529739200240435
0.4771936129020376 0.5089943022928725
0.3582695756639429 0.5209478832705461
0.29039400531106324 0.49989768917763605
0.43602087380326804 0.4609963941462854
0.3349701231334124 0.4331369942730025
0.3422696032161496 0.4547855800258133
0.4494126878414231 0.4580355936620101
0.4881751203086124 0.5132975772924127
0.41768917340523876 0.45050393632001573
0.37045148256788807 0.44380761799194407
0.38554607034140764 0.4856701885055913
0.4545152745380736 0.45594545043376833
0.38785689023606035 0.5568368215320891
0.4205789918653734 0.6032556777682053
0.4520738614143597 0.5071920669000332
0.28251911435865845 0.5632589828978071
0.28196993862205066 0.5216868035848992
0.35743482311256997 0.5031671321294896
0.503078137571983 0.5069688968253441
0.36823451189814205 0.5029241873142043
0.39326421443475035 0.33693550660385513
0.37315442415481515 0.36501912315909396
0.3293009962515122 0.4173769542041161
0.3897076071557519 0.4116155545983336
0.4308832375184097 0.4691496835923783
0.3686406787431003 0.44544899900844404
0.22931469760191409 0.3992653269216943
0.2775436685154094 0.33518322546587026
0.3121804249478075 0.39125611874882815
0.48046545571003973 0.3212409588970482
0.2756428791101477 0.370659970666588
0.46115043523167853 0.4775972402589916
0.3944318074114534 0.38865088799361464
0.39803531675428155 0.4103668074322189
0.3909612914784549 0.3295761040294372
0.475420437430722 0.487104951233531
0.47105000188607177 0.5447798666003841
0.44554414592108493 0.5531016580187903
0.30589021438896796 0.5012866891314732
0.4360545136687409 0.4798952755482785
0.45701053737996755 0.4849128908873907
0.442741572019105 0.4841869193429834
0.4262439245308047 0.4914907151124829
0.45878493532597175 0.5241430389477469
0.28213037760302095 0.48317445615227383
0.4517708786279929 0.4544053433965864
0.3806139788604222 0.4303570026756705
0.5528874696306586 0.40044561107963844
0.4355670423514506 0.4408998395585891
0.47058436377143803 0.4807107960789046
0.4261584014481176 0.4412433894581675
0.4310426146189275 0.42007289257081853
0.44277506332720357 0.4860210162320191
0.44334119789555887 0.4837629569830411
0.4226512997097721 0.4598539913718168
0.44533322952913845 0.4651534929670459
0.4621046164307829 0.4272921916310082
0.48919990923726836 0.4662603259440978
0.4494779506596386 0.3643625185176975
0.4577601187605715 0.40779598188357563
0.42610070571252295 0.33713509220134563
0.48038196867168204 0.3822566484901855
0.6245047362641022 0.4488194714541487
0.5683686010907683 0.5817038804749619
0.38206149059986133 0.4778396426581979
0.37382880390698325 0.44940050872484855
0.3625700303996314 0.4817550001099835
0.3588498176574129 0.45628954258245324
0.33901800085372713 0.47369082634269505
0.28428808968707037 0.5092278972328461
0.30295670032808003 0.5305458760439712
0.3654694790620615 0.4678095336471186
0.38572400686474256 0.4673568421117574
0.5406390819414396 0.5104423852116377
0.5425543273504677 0.4894289645996578
0.5380674490001338 0.4258096740117038
0.4278744937177278 0.43654552100677935
0.4847590114241251 0.45425255060378067
0.435786126005862 0.4495309166879059
0.46353882780788025 0.4335363638918859
0.4483786501936424 0.4265124246977522
0.26096157448549123 0.43677667599365033
0.28907350174735374 0.4939669611146351
0.4443619802458617 0.5109726017108291
0.40992502429082883 0.4318966613105962
0.49465308810634045 0.49339625710956475
0.4152031521183023 0.5355834588564831
0.44808572706879335 0.4660615690616301
0.47184820497759294 0.49119432098818655
0.4427846545896495 0.5135034473336494
0.4219719972526634 0.5901596159341861
0.43467095357939345 0.5892452074804336
0.45560370325506483 0.6032008058618121
0.3175493025869488 0.5373456553144845
0.4770007687614076 0.4977070140582148
0.4091741403435902 0.5292922598321604
0.4079165870745541 0.5157346958870539
0.39054947372392584 0.5100799378142375
0.5141545971004907 0.5285368410342186
¿ÞÂÊ ±â¿ï±â Æò±Õ:  0.4017219844567832
¿À¸¥ÂÊ ±â¿ï±â Æò±Õ:  0.4711181235478762
