0.15722073089134447 0.15343278719279274
0.16170753866084936 0.16152781037231126
0.3779490967247044 0.19441564464652097
0.35902296795996275 0.19144433071647748
0.17005938974491352 0.190370486170416
0.20486352062252555 0.18279398607388148
0.27864163272712544 0.1411339956600414
0.1275981281097613 0.02056578866341987
0.15373924145583248 0.13830752661225762
0.15212860311140164 0.1569535137664386
0.291433135198828 0.11682543046804612
0.12542346796125434 0.1121670135641171
0.2334879067977314 0.20234198350204607
0.1800188987141973 0.14991818119524467
0.14776928286591207 0.027902237868941034
0.12657689200072578 0.15768353076385153
0.09421124547101023 0.056501342685126
0.30176150309850797 0.1585495949337566
0.2759590625334491 0.08950265461886639
0.1332921919323112 0.23261383682010836
0.1783303360587238 0.08932181276254425
0.1121591162691356 0.0405321782851789
0.1548676127376439 0.030058773104405318
0.22870486893671382 0.18261825690114455
0.2193213629500542 0.08567540234162817
0.16749082450418748 0.08879141507235308
0.1535615514415784 0.14402014704838917
0.1747503755526472 0.23274122023129837
0.20634071124288977 0.18725456200971727
0.15467035716979938 0.11680422855739572
0.3032859348198415 0.03061720243470966
0.35758261761082677 0.07197266413030104
0.31701326242346956 0.059068485415860426
0.2894884992755714 0.1295778407462063
0.13378006192857383 0.06913834312616957
0.17983980976046365 0.0955619045086278
0.14984497185241064 0.07801984513008779
0.21522300054672402 0.11340327471674849
0.17203520762739272 0.1122460354168857
0.1464280439719397 0.11415903699735967
0.19476095340848457 0.20045628779117017
0.18690800513049893 0.02766759736550098
0.34963169240346864 0.1487068776907409
0.13068736857098992 0.10863874370143843
0.3343606073464404 0.10625680332041702
0.3111991519392173 0.10168365478009898
0.2598419281173397 0.1341539413135168
0.29146624112919517 0.14740009810543425
0.17683924408292923 0.15550477316709654
0.20535193390637643 0.0020413025373938187
0.2206140255187525 0.1472066536919282
0.2432665297824583 0.05679602613586708
0.16522283627764375 0.020647239582818073
0.1655359497379585 0.041140509463509625
0.16695066893817725 0.053870710002714324
0.17103619730376216 0.06111205689059749
0.1429004041868175 0.014327113923919546
0.14882267627980705 0.03270050770233028
0.14569461154526403 0.08200711583177443
0.15345939864088867 0.08487576703793104
0.15523111358146807 0.08536601387425817
0.16871729909349145 0.11059724134930982
0.17623612880777298 0.026359975712769993
0.17426702656355203 0.1077927585642073
0.191226575719009 0.13072551456927506
0.25052456063387857 0.06899014248163231
0.22660576766700247 0.04556463219035404
0.26520092091467923 0.04597707255604828
0.15750815241378643 0.09056448780513598
0.1753432691507934 0.12457370519505186
0.16817464548827024 0.10750790094079136
0.1699473712308761 0.08922592367725402
0.2601046007346658 0.12469377978653703
0.1904861815966759 0.07301439983244731
0.17988216773059662 0.1058160924860828
0.19282722836228466 0.05216121403123226
0.13201931289223176 0.13698602273923488
0.10179204087247154 0.06235695585498063
0.12372944635936099 0.07848813584550149
0.12355256248387977 0.09515394860758955
0.1350085863996772 0.08750940066663133
0.20019382521737172 0.17153400343311112
0.17918541855422282 0.15906299075265376
0.16619345145056916 0.14712834903268315
¿ÞÂÊ ±â¿ï±â Æò±Õ:  0.1963820362074761
¿À¸¥ÂÊ ±â¿ï±â Æò±Õ:  0.10667712794348387
